pos	G	A	T	C
0	0.213875	0.305041	0.273157	0.207928
1	0.266838	0.298908	0.232432	0.201822
2	0.222715	0.332332	0.232857	0.212096
3	0.213476	0.307749	0.266068	0.212706
4	0.261555	0.302492	0.231131	0.204822
5	0.223804	0.329200	0.237264	0.209733
6	0.213954	0.313536	0.265113	0.207397
7	0.260865	0.307430	0.229219	0.202485
8	0.223485	0.327368	0.237078	0.212069
9	0.210689	0.309820	0.271909	0.207583
10	0.264502	0.302599	0.237476	0.195424
11	0.221759	0.326651	0.241485	0.210105
12	0.209308	0.301616	0.280245	0.208830
13	0.268405	0.295802	0.233042	0.202751
14	0.219317	0.334881	0.238299	0.207503
15	0.217883	0.299413	0.263865	0.218839
16	0.267104	0.303873	0.224016	0.205008
17	0.222105	0.342978	0.232087	0.202831
18	0.217220	0.319218	0.240901	0.222662
19	0.303767	0.325642	0.194601	0.175990
20	0.000003	0.999992	0.000003	0.000003
21	0.000003	0.000003	0.999992	0.000003
22	0.999992	0.000003	0.000003	0.000003
23	0.254095	0.304245	0.226140	0.215521
24	0.192291	0.324474	0.260360	0.222874
25	0.271378	0.316032	0.218680	0.193910
26	0.218653	0.329678	0.227998	0.223671
27	0.208724	0.318819	0.259139	0.213317
28	0.268112	0.303422	0.226193	0.202273
29	0.223485	0.322111	0.237954	0.216450
30	0.213344	0.305891	0.275387	0.205379
31	0.268670	0.306076	0.225954	0.199300
32	0.222264	0.324023	0.241883	0.211830
